
F=
      2.86535793395	-2.77555756156e-016	                  0	                  0	                  0	-1.39888101103e-014
 -2.8449465006e-016	      2.86535793395	                  0	                  0	                  0	-1.14352971536e-014
                  0	                  0	                  1	-1.44844440929e-015	-2.10436653541e-015	                 -0
                  0	                  0	 -1.0699627243e-015	      1199.26728875	 2.64958318957e-014	                  0
                  0	                  0	-1.79948535805e-015	 3.27197736172e-014	      1199.26728875	                  0
-1.52245652593e-014	-9.88331817716e-015	                  0	                  0	                  0	      1692.49740311

K=
     0.348996538322	 3.38058980145e-017	                  0	                  0	                 -0	 2.88452218287e-018
 3.46510454648e-017	     0.348996538322	                  0	                  0	                 -0	 2.35798241933e-018
                  0	                  0	                  1	 1.20777446602e-018	 1.75471019276e-018	                 -0
                  0	                  0	  8.9218036241e-019	  0.000833842471468	-1.84223735266e-020	                 -0
                  0	                  0	 1.50048731833e-018	-2.27498383011e-020	  0.000833842471468	                 -0
 3.13933750397e-018	 2.03796107729e-018	                  0	                  0	                  0	  0.000590842856339

M=
               0.01	                  0	                  0	                  0	                  0	 5.08219768353e-021
                  0	               0.01	                  0	                  0	                  0	 8.47032947254e-021
                  0	                  0	               0.01	-5.08219768353e-021	-8.47032947254e-021	                  0
                 -0	                 -0	-5.08219768353e-021	 8.33333333328e-006	 2.64697796017e-023	                  0
                 -0	                 -0	-8.47032947254e-021	 2.64697796017e-023	 8.33333333328e-006	                  0
 5.08219768353e-021	 8.47032947254e-021	                 -0	                  0	                  0	 1.66666666666e-005

Shear center;
ShearX= 5.83948794189e-018 
ShearY=-8.99532562433e-018 

Elastic center:
ElasticX=-1.50048731833e-018 
ElasticY=  8.9218036241e-019 

Mass center:
MassX= 8.47032947254e-019 
MassY=-5.08219768353e-019 

Mass per unit length:
Mass=               0.01 

Orientation of principle axis:
Theta_p=                 -0o 

Orientation of principle axis w.r.t. elastic center:
Theta_p=                 -0o 
