
F=
      8.00752956846	-1.15285321755e-015	                  0	                 -0	                 -0	 1.93081681137e-016
-9.74682818863e-016	      8.00752956846	                  0	                  0	                  0	-1.87916120733e-015
                  0	                  0	      1.67651033173	 3.67241573062e-015	-6.68735586772e-015	                 -0
                  0	                  0	 7.76608636515e-016	      370.753171867	 1.54237156906e-013	                 -0
                  0	                  0	-5.28524734262e-015	 2.22603201846e-013	      370.753171867	                 -0
  -1.260037504e-016	-4.51769805501e-015	                  0	                  0	                  0	       444.91274568

K=
      0.12488246112	 1.79794711823e-017	                  0	                  0	                  0	-5.41960547807e-020
 1.52007917286e-017	      0.12488246112	                 -0	                  0	                 -0	 5.27461347626e-019
                  0	                  0	       0.5964770876	-5.90827538555e-018	 1.07587873939e-017	                 -0
                  0	                  0	-1.24942763235e-018	    0.0026972122584	-1.12206821647e-018	                 -0
                  0	                  0	 8.50303970777e-018	 -1.6194280463e-018	    0.0026972122584	                 -0
 3.53679650966e-020	 1.26807167739e-018	                  0	                  0	                  0	    0.0022476317204

M=
     0.005964770876	                  0	                  0	                  0	                  0	 -1.8211208366e-020
                  0	     0.005964770876	                  0	                  0	                  0	 1.13025958899e-020
                  0	                  0	     0.005964770876	  1.8211208366e-020	-1.13025958899e-020	                  0
                 -0	                 -0	  1.8211208366e-020	 2.69713649186e-005	-2.03486430688e-022	                  0
                 -0	                 -0	-1.13025958899e-020	-2.03486430688e-022	 2.69713649186e-005	                  0
 -1.8211208366e-020	 1.13025958899e-020	                 -0	                  0	                  0	 5.39427298373e-005

Shear center;
ShearX= 1.01541214516e-017 
ShearY=-2.83210026287e-019 

Elastic center:
ElasticX=-1.42554339212e-017 
ElasticY=-2.09467833439e-018 

Mass center:
MassX= 1.89489187848e-018 
MassY= 3.05312789788e-018 

Mass per unit length:
Mass=     0.005964770876 

Orientation of principle axis:
Theta_p=                  0o 

Orientation of principle axis w.r.t. elastic center:
Theta_p=                  0o 
