
F=
      12.0315480483	 5.40451744006e-016	                  0	                  0	                  0	-2.17266711071e-015
 6.76183678668e-016	      12.0315480483	                  0	                 -0	                 -0	 4.42551452688e-015
                  0	                  0	       2.5135712639	-7.39879183189e-015	-8.37433534377e-015	                 -0
                  0	                  0	 2.06712810323e-015	      555.184878185	 1.58822207604e-013	                 -0
                  0	                  0	-2.35006970993e-015	 2.11357888739e-013	      555.184878185	                 -0
-3.47880212347e-015	 4.27582287812e-015	                  0	                  0	                  0	      666.235237418

K=
    0.0831148241262	-3.73348063537e-018	                 -0	                  0	                 -0	 2.71046673381e-019
-4.67112688275e-018	    0.0831148241262	                  0	                  0	                  0	-5.52096077949e-019
                  0	                  0	     0.397840321602	 5.30190543281e-018	 6.00097084282e-018	                 -0
                  0	                  0	-1.48128477863e-018	   0.00180120179654	-5.15271321155e-019	                 -0
                  0	                  0	  1.6840381032e-018	 -6.8571429783e-019	   0.00180120179654	                 -0
 4.33990894541e-019	-5.33421600285e-019	                  0	                  0	                  0	   0.00150097134441

M=
   0.00397840321602	                  0	                  0	                  0	                  0	 2.11758236814e-021
                  0	   0.00397840321602	                  0	                  0	                  0	 2.83226641738e-021
                  0	                  0	   0.00397840321602	-2.11758236814e-021	-2.83226641738e-021	                  0
                 -0	                 -0	-2.11758236814e-021	 1.80115121407e-005	 8.27180612553e-024	                  0
                 -0	                 -0	-2.83226641738e-021	 8.27180612553e-024	 1.80115121407e-005	                  0
 2.11758236814e-021	 2.83226641738e-021	                 -0	                  0	                  0	 3.60230242814e-005

Shear center;
ShearX=-6.41788761383e-018 
ShearY= -5.2215823002e-018 

Elastic center:
ElasticX=-4.23294978353e-018 
ElasticY=-3.72331485322e-018 

Mass center:
MassX= 7.11910347845e-019 
MassY= -5.3226941895e-019 

Mass per unit length:
Mass=   0.00397840321602 

Orientation of principle axis:
Theta_p=                  0o 

Orientation of principle axis w.r.t. elastic center:
Theta_p=                  0o 
