
F=
      20.1441599438	 1.73372427525e-012	                  0	                  0	                 -0	 1.72803993337e-011
 -9.5939922673e-013	      3590.12524591	                  0	                  0	                 -0	      29640.9608353
                  0	                  0	       17.628946636	 -1.9291284908e-014	      -235.91457014	                 -0
                  0	                  0	-1.00669029933e-015	      741.506746398	 1.26805583025e-013	                 -0
                  0	                  0	      -235.91457014	 -4.4082719239e-014	      3898.56913742	                 -0
 1.36178921672e-011	      29640.9608353	                  0	                  0	                  0	      245819.628479

K=
    0.0496421793111	 1.08477492006e-015	                 -0	                 -0	                  0	-1.34291992088e-016
 8.06399981283e-015	    0.0624431495149	                 -0	                 -0	                  0	  -0.00752940259756
                  0	                  0	       0.2982385438	 8.83199073243e-018	    0.0180473438792	                  0
                  0	                  0	-2.68139180579e-018	   0.00134860539686	-2.06124365257e-019	                  0
                  0	                  0	    0.0180473438792	 5.49700522079e-019	    0.0013486053955	                  0
 -9.7510815534e-016	  -0.00752940259756	                  0	                  0	                  0	  0.000911964308524

M=
     0.002982385438	                  0	                  0	                  0	                  0	 1.01643953671e-020
                  0	     0.002982385438	                  0	                  0	                  0	 -0.000180454940195
                  0	                  0	     0.002982385438	-1.01643953671e-020	  0.000180454940195	                  0
                 -0	                 -0	-1.01643953671e-020	 1.34856824593e-005	 8.39588321741e-022	                  0
                 -0	                 -0	  0.000180454940195	 8.39588321741e-022	 1.34856824593e-005	                  0
 1.01643953671e-020	 -0.000180454940195	                 -0	                  0	                  0	 2.69713649186e-005

Shear center;
ShearX=    -0.120580122176 
ShearY= 5.53979039487e-017 

Elastic center:
ElasticX=   -0.0605131169475 
ElasticY=-8.99076213165e-018 

Mass center:
MassX=   -0.0605069143296 
MassY=-3.40814276972e-018 

Mass per unit length:
Mass=     0.002982385438 

Orientation of principle axis:
Theta_p=                  0o 

Orientation of principle axis w.r.t. elastic center:
Theta_p=                  0o 
